33856 213 0 0 5893 1259 8084 1836 0 0 37 11659 0 0 0 0 0 0 0 0 2855 470 1279 6 1311 125 2516 17281 0 0 0 1388 0 0 0 0 0 0 0 0 0 2 172 508 0 0 4 3114 0 0 0 0 0 0 0 0 0 0 0 0 0 0 0 4436 
28562 37 0 0 30577 696 43 0 0 0 0 0 0 0 0 0 0 0 0 0 7421 1450 151 0 1120 515 931 2253 0 0 0 0 0 0 0 0 0 0 0 0 10 42 877 2561 0 0 214 9214 0 0 0 0 0 0 0 0 0 0 0 0 0 0 5 11625 
7019 196 0 0 9311 1496 2942 589 0 0 0 0 0 0 0 0 35 8 0 0 12178 5967 12391 1589 6595 1081 1502 23665 0 0 0 0 0 0 0 0 3 33 52 0 9272 1919 365 21 0 20 14 0 0 0 0 0 0 0 0 0 0 0 2 8 0 1 25 5 
25452 6971 0 0 279 3043 447 3 0 0 0 5 0 0 0 0 155 3 0 0 3540 2304 1637 119 7052 345 1004 9120 0 0 0 539 0 0 0 0 29 39 0 0 12231 3451 505 1973 8 149 1 13657 0 0 0 0 0 0 0 0 0 42 64 0 0 17 146 3974 
12634 4250 0 0 1266 9371 3027 336 0 0 175 10530 0 0 0 0 160 5 0 0 3745 4820 2989 0 200 2843 3673 6492 0 0 0 0 9 3 0 0 35 165 2 0 154 13311 5558 2559 0 582 519 1585 0 0 0 0 0 42 0 0 0 105 116 9 0 140 3245 3649 
30226 106 0 0 11812 545 0 0 0 0 0 0 0 0 0 0 367 2 0 0 19923 3772 81 0 5507 842 441 117 0 0 0 0 3 0 0 0 54 109 7 0 3808 1690 2888 2811 0 5 178 1739 0 0 0 0 0 0 0 0 5 190 21 3 0 7 135 10910 
17704 2675 0 0 11387 1066 220 0 204 0 0 0 0 0 0 0 447 389 0 0 661 6017 7198 0 91 19 3626 4020 0 0 0 226 1 0 0 0 7 331 391 0 0 135 5265 6250 0 0 1 27045 0 0 0 0 0 0 0 0 0 0 383 218 0 0 143 2184 
25641 2612 0 0 11108 13348 0 0 0 0 0 0 0 0 0 0 0 24 0 0 975 23636 104 0 0 5518 2888 0 0 0 0 0 0 0 0 0 0 141 13 0 0 9 622 7 0 0 21 69 0 0 0 0 0 0 0 0 0 0 0 0 0 0 0 11568 
28441 1 0 0 792 27 0 0 0 0 0 0 0 0 0 0 6777 6 0 0 20253 872 0 0 16 18 3 0 0 0 0 0 2119 0 0 0 14132 2095 0 0 1343 2884 32 0 0 0 0 0 0 0 0 0 5177 731 0 0 41 1795 165 0 0 32 302 10250 
41057 176 0 0 7088 1318 0 0 0 0 0 0 0 0 0 0 3626 22 0 0 18414 6836 100 0 546 100 91 0 0 0 0 0 1 0 0 0 659 1238 2 0 6 525 922 27 0 0 19 75 0 0 0 0 0 2 0 0 0 202 130 3 0 0 222 14897 
39137 302 0 0 7427 733 0 0 0 0 0 0 0 0 0 0 2317 50 0 0 19526 9652 2203 0 319 6060 825 0 0 0 0 0 553 0 0 0 1007 1241 74 0 0 509 2134 1694 0 0 0 51 0 0 0 0 4 17 0 0 0 122 492 87 0 1 490 1277 
19606 1085 0 0 31893 8754 41 0 0 0 0 0 0 0 0 0 174 10 0 0 8087 10800 6336 0 687 3844 2814 0 0 0 0 0 0 0 0 0 0 83 2 0 0 368 598 710 0 1 9 355 0 0 0 0 0 0 0 0 0 0 2 2 0 0 10 2033 
18007 210 0 0 14357 5546 60 0 433 3 0 0 0 0 0 0 12 0 0 0 5919 4765 3664 0 18026 15346 3347 0 0 1 0 0 0 0 0 0 0 28 0 0 1 704 2940 1573 0 4 15 1002 0 0 0 0 0 0 0 0 0 4 26 0 0 0 154 2157 
14613 446 0 0 3585 2962 0 0 0 0 0 0 0 0 0 0 3 19 0 0 2919 8804 1227 0 29401 4091 5969 0 0 0 0 0 0 0 0 0 0 0 0 0 8696 1003 2814 28 674 468 1 71 0 0 0 0 0 0 0 0 0 0 4 0 37 58 11 10400 
19270 134 0 0 5092 395 0 0 0 0 0 0 0 0 0 0 1305 0 0 0 21710 5752 36 0 16929 3347 113 0 0 0 0 0 0 0 0 0 358 897 0 0 0 826 276 150 0 0 16 7548 0 0 0 0 0 0 0 0 0 4 7 0 0 0 16 14123 
37380 0 0 0 23057 313 0 0 0 0 0 0 0 0 0 0 258 0 0 0 12453 4307 0 0 3272 1931 26 0 0 0 0 0 3 0 0 0 211 201 0 0 0 334 983 2 0 5 193 434 0 0 0 0 0 10 0 0 0 12 184 0 0 0 201 12534 
14303 73 0 0 6724 163 1 0 0 0 0 0 0 0 0 0 2720 1 0 0 26884 1360 11594 0 4708 940 8050 2968 0 0 0 0 224 20 0 0 591 222 1 0 351 1616 9278 5038 0 37 9 22 53 15 0 0 30 44 14 0 10 34 90 7 0 3 15 91 
24280 468 0 0 8403 586 7 0 0 0 0 0 0 0 0 0 26 0 0 0 24639 2468 4675 1313 1120 533 1150 10554 0 0 0 0 0 0 0 0 3 10 0 0 84 2365 2196 10733 0 15 174 368 0 0 0 0 0 0 0 0 0 0 36 0 0 0 1730 368 
16883 7625 0 0 1062 679 0 0 0 0 0 0 0 0 0 0 2102 87 0 0 35041 5525 12870 3 1760 172 2005 1125 0 0 0 0 0 0 0 0 168 165 2 0 590 1017 2720 4591 0 0 36 161 0 0 0 0 0 0 0 0 0 53 40 1 0 1 148 1672 
9802 231 0 0 6879 1444 0 0 0 0 0 0 0 0 0 0 756 16 0 0 19903 3280 237 0 24483 5824 473 29 0 0 0 0 137 17 0 0 584 166 27 0 621 2674 1466 4578 0 40 24 2953 51 59 0 0 10 9 0 0 52 159 25 3 0 21 119 11152 
9177 281 0 0 6883 838 0 0 0 0 0 0 0 0 0 0 1620 6 0 0 31123 2461 64 0 24902 5527 139 9 0 0 0 0 252 14 0 0 1831 525 9 0 1289 7685 778 382 0 77 62 14 55 106 0 0 0 44 3 0 1 52 288 29 0 2 686 1090 
6327 0 0 0 490 1 0 0 0 0 0 0 0 0 0 0 3374 3 0 0 14698 588 0 0 1823 682 0 0 0 0 0 0 225 0 0 0 3159 606 1 0 18680 15794 332 324 0 76 178 16277 0 0 0 0 42 41 0 0 460 2562 136 0 6 2160 542 8717 
8479 42 0 0 557 44 0 0 0 0 0 0 0 0 0 0 622 3 0 0 32457 3363 10 0 6825 6814 8 0 0 0 0 0 0 0 0 0 105 408 0 0 448 11092 489 1747 0 3 21 8638 0 0 0 0 0 0 0 0 0 7 46 0 0 0 107 15969 
6645 145 140 0 2601 76 9875 239 0 0 0 0 0 0 0 0 341 1 0 0 23100 1500 8799 2894 3309 1784 968 9204 0 0 0 0 0 0 0 0 28 29 0 0 507 1581 1065 11282 0 15 60 7064 0 0 0 0 0 0 0 0 0 3 1 0 0 2 107 4939 
20135 609 1011 0 7855 402 5063 52 0 0 0 0 0 0 0 0 73 3 0 0 10734 1861 12609 2566 12 152 3656 8516 0 0 0 0 12 9 0 0 1 12 0 0 0 167 4595 13416 0 0 9 2439 0 0 0 0 0 0 0 0 0 0 0 1 0 0 27 2307 
1493 0 0 0 1068 363 295 0 0 6 109 0 0 0 0 0 287 0 0 0 12549 1262 1153 0 2770 347 2400 0 0 0 0 0 0 0 0 0 1476 21 0 0 13175 323 695 11 24 9 80 144 0 0 0 0 18 0 0 0 1399 174 27 0 63 251 223 18286 
22901 0 0 0 368 0 0 0 0 0 0 0 0 0 0 0 9243 2 0 0 24012 690 0 0 123 5 0 0 0 0 0 0 1265 0 0 0 22166 1595 0 0 7761 1763 48 0 0 0 0 0 9 0 0 0 2808 136 0 0 2442 758 66 0 95 35 13 0 
15996 50 0 0 1916 533 6 0 0 0 0 0 0 0 0 0 6264 6 0 0 16361 7367 569 0 1207 1760 1251 46 0 0 0 0 1471 26 0 0 7142 5904 2 0 3236 9290 2072 1352 0 41 322 11413 7 4 0 0 135 322 0 0 240 1156 96 0 0 195 418 128 
14482 0 0 0 6440 9 0 0 0 0 0 0 0 0 0 0 9125 0 0 0 29014 725 0 0 9755 7755 0 0 0 0 0 0 3406 177 0 0 3523 916 0 0 3793 8837 105 0 0 14 51 1 0 0 0 0 1 56 0 0 6 57 5 0 0 3 34 14 
11393 0 0 0 4115 39 0 0 0 0 0 0 0 0 0 0 832 0 0 0 17800 3066 197 0 2460 702 404 0 0 0 0 0 0 0 0 0 3477 1415 3 0 11950 20008 5368 11 532 9098 26 172 0 0 0 0 0 0 0 0 1892 1163 186 0 279 1620 87 9 
5769 0 0 0 2113 125 8 0 0 0 0 0 0 0 0 0 1661 6 0 0 9367 3083 788 0 3750 2559 1881 0 0 0 0 0 1019 36 0 0 1176 535 0 0 9865 28358 5415 2226 39 504 666 12806 138 54 0 0 119 229 0 0 66 1554 10 0 3 1925 75 376 
27909 602 0 0 8263 1627 25 0 0 0 0 0 0 0 0 0 3873 155 0 0 16276 7260 698 82 1778 6010 282 182 0 0 0 0 352 290 0 0 3917 3176 33 0 2348 7455 564 253 57 1114 106 41 0 7 0 0 33 470 24 0 54 1474 105 1 60 1100 154 94 
7958 3 0 0 2750 46 0 0 0 0 0 0 0 0 0 0 4972 13 0 0 18069 1521 5 0 6163 1954 134 11 205 360 0 0 538 43 0 0 10173 3011 0 0 10893 8650 454 44 113 13432 139 817 0 16 0 0 156 331 0 0 1074 3001 59 4 125 963 100 4 
28906 0 0 0 0 0 0 0 0 0 0 0 0 0 0 0 18035 0 0 0 83 24 0 0 0 0 0 0 0 0 0 0 9549 0 0 0 3907 12 0 0 0 0 0 0 0 0 0 0 76 0 0 0 25642 0 0 0 8638 0 0 0 1067 292 244 1829 
23991 0 0 0 0 0 0 0 0 0 0 0 0 0 0 0 10533 0 0 0 1186 25 0 0 0 0 0 0 0 0 0 0 5769 1 0 0 17480 118 0 0 9 0 0 0 0 0 0 0 1426 0 0 0 19560 269 0 0 5799 203 1 0 10943 200 154 637 
12169 0 0 0 4 0 0 0 0 0 0 0 0 0 0 0 7105 0 0 0 15575 266 0 0 0 0 0 0 0 0 0 0 1 0 0 0 39434 1300 0 0 135 449 0 0 0 0 0 0 0 0 0 0 14761 1 0 0 6101 1003 0 0 0 0 0 0 
21055 0 0 0 0 0 0 0 0 0 0 0 0 0 0 0 13705 0 0 0 6173 0 0 0 0 0 0 0 0 0 0 0 1091 0 0 0 43022 6 0 0 0 1 0 0 0 0 0 0 0 0 0 0 12432 3 0 0 626 18 0 0 84 88 0 0 
11087 0 0 0 0 0 0 0 0 0 0 0 0 0 0 0 1611 0 0 0 0 0 0 0 0 0 0 0 0 0 0 0 1379 3 0 0 0 0 0 0 0 0 0 0 0 0 0 0 76449 933 0 0 2085 4757 0 0 0 0 0 0 0 0 0 0 
29710 0 0 0 0 0 0 0 0 0 0 0 0 0 0 0 21873 0 0 0 42 1 0 0 0 0 0 0 0 0 0 0 8997 2 0 0 13041 175 0 0 14 41 0 0 0 0 0 0 201 0 0 0 18306 108 0 0 5602 191 0 0 0 0 0 0 
13475 26075 1335 0 0 105 746 0 0 0 0 0 0 0 0 0 8595 14663 106 0 0 3103 6182 0 0 0 0 0 0 0 0 0 821 5531 0 0 2 7057 638 0 0 0 0 0 0 0 0 0 3 374 0 0 0 8863 595 0 0 0 35 0 0 0 0 0 
33999 0 0 0 0 0 0 0 0 0 0 0 0 0 0 0 13414 2 0 0 42 27 0 0 0 0 0 0 0 0 0 0 10223 6 0 0 13520 892 0 0 0 3 0 0 0 0 0 0 805 17 0 0 21001 1333 0 0 2726 289 5 0 0 0 0 0 
33832 421 0 0 2410 3146 4 0 0 0 0 0 0 0 0 0 5194 246 0 0 705 2252 767 0 0 387 775 0 0 0 0 0 10854 594 0 0 136 1907 156 0 0 59 284 0 0 0 2 0 15814 2120 0 0 2004 10058 315 0 0 1829 2031 1 0 0 1 0 
70943 0 0 0 0 0 0 0 0 0 0 0 0 0 0 0 1134 0 0 0 138 5 0 0 0 0 0 0 0 0 0 0 17613 16 0 0 350 103 0 0 206 92 6 0 0 0 0 0 3660 767 0 0 207 1734 16 0 4 127 846 0 0 0 323 14 
83814 415 0 0 3 57 24 0 0 0 0 0 0 0 0 0 2370 182 0 0 476 848 167 0 0 0 0 0 0 0 0 0 4974 22 0 0 115 743 60 0 0 38 413 17 0 0 73 8 433 20 0 0 110 835 24 0 0 34 836 43 0 0 599 551 
20042 0 0 0 0 0 0 0 0 0 0 0 0 0 0 0 36621 0 0 0 0 0 0 0 0 0 0 0 0 0 0 0 35331 2 0 0 110 10 0 0 0 2 0 0 0 0 0 0 2033 1 0 0 3307 66 1 0 633 37 3 0 29 51 25 0 
28845 0 0 0 0 0 0 0 0 0 0 0 0 0 0 0 23874 0 0 0 39 4 0 0 0 0 0 0 0 0 0 0 15264 0 0 0 121 26 0 0 0 0 0 0 0 0 0 0 25039 0 0 0 4199 25 0 0 101 50 0 0 68 216 335 98 
46455 1 0 0 0 0 0 0 0 0 0 0 0 0 0 0 10980 30 0 0 2932 1113 0 0 0 0 0 0 0 0 0 0 710 0 0 0 11919 5092 0 0 275 5746 499 0 0 0 0 0 0 0 0 0 1588 6 0 0 5317 5290 14 0 322 15 0 0 
31532 0 0 0 0 0 0 0 0 0 0 0 0 0 0 0 22426 15 0 0 18 58 0 0 0 0 0 0 0 0 0 0 23011 10 0 0 404 375 0 0 59 13 8 0 0 0 0 0 7577 7 0 0 7465 272 1 0 3675 438 56 0 313 468 103 0 
45930 0 0 0 0 0 0 0 0 0 0 0 0 0 0 0 18560 32 0 0 1314 793 0 0 0 0 0 0 0 0 0 0 6903 26 0 0 5780 1417 1 0 22 18 15 0 0 0 0 0 4802 18 0 0 6654 1673 0 0 1601 1415 145 0 898 275 12 0 
4 0 0 0 0 0 0 0 0 0 0 0 0 0 0 0 12 0 0 0 22 44 0 0 0 0 0 0 0 0 0 0 11 0 0 0 3 549 0 0 0 176 714 0 0 0 0 0 133 45 0 0 13 19239 0 0 0 1054 5912 93 0 0 2273 68007 
985 0 0 0 0 0 0 0 0 0 0 0 0 0 0 0 1655 1 0 0 178 614 0 0 0 0 0 0 0 0 0 0 3177 0 0 0 368 532 2 0 22 3311 48355 2 0 0 9 0 2532 0 0 0 3548 27 0 0 1898 1825 13580 54 113 199 13487 1830 
1673 0 0 0 571 54 0 0 0 0 0 0 0 0 0 0 5098 0 0 0 597 1235 0 0 5 160 5 0 0 0 0 0 1241 0 0 0 2521 1808 0 0 0 850 4068 0 0 0 827 1539 2368 0 0 0 4800 3095 0 0 0 781 6502 81 0 0 3787 54638 
4845 521 0 0 74 1571 1 0 0 0 0 0 0 0 0 0 1169 9 0 0 493 2552 289 0 0 4 140 0 0 0 0 0 2165 0 0 0 515 531 34 0 53 378 6569 104 0 0 3 14 16658 0 0 0 3672 143 0 0 946 963 15874 690 307 399 1911 34707 
4372 0 0 0 1119 0 0 0 0 0 0 0 0 0 0 0 714 0 0 0 1154 201 0 0 0 2 0 0 0 0 0 0 5084 1 0 0 2355 887 0 0 86 660 600 0 0 0 4 0 2214 24 0 0 1702 96 0 0 1340 1287 8290 163 1 155 1555 64238 
345 0 0 0 0 0 0 0 0 0 0 0 0 0 0 0 1646 15 0 0 208 824 0 0 0 0 0 0 0 0 0 0 3754 5 0 0 358 1288 0 0 0 586 33316 0 0 0 13 1 4999 0 0 0 855 269 4 0 827 775 24013 42 0 0 16221 7940 
29847 0 0 0 1042 0 0 0 0 0 0 0 0 0 0 0 1518 0 0 0 11471 12378 0 0 0 0 0 0 0 0 0 0 6257 8 0 0 1052 2647 0 0 851 3295 16972 0 0 0 8 0 5620 22 0 0 1622 518 2 0 335 480 2036 0 0 11 266 46 
4 0 0 0 0 0 0 0 0 0 0 0 0 0 0 0 5360 0 0 0 742 582 0 0 0 0 0 0 0 0 0 0 4968 0 0 0 2104 1858 0 0 11 1144 1306 0 0 0 0 0 0 0 0 0 2929 352 0 0 1169 626 12149 60 962 660 7590 53728 
16925 0 0 0 0 0 0 0 0 0 0 0 0 0 0 0 8341 0 0 0 175 18 0 0 0 0 0 0 0 0 0 0 9822 0 0 0 3461 168 0 0 0 1 0 0 0 0 0 0 12705 3 0 0 46311 116 0 0 67 65 0 0 74 52 0 0 
6098 0 0 0 0 0 0 0 0 0 0 0 0 0 0 0 14692 0 0 0 54 0 0 0 0 0 0 0 0 0 0 0 11868 0 0 0 12063 75 0 0 28 0 0 0 0 0 0 0 29625 0 0 0 18324 131 0 0 3162 216 0 0 75 791 493 609 
19264 0 0 0 447 5 0 0 0 0 0 0 0 0 0 0 4912 0 0 0 3 55 0 0 0 1 0 0 0 0 0 0 2886 67 0 0 85 138 0 0 1 0 0 0 0 0 0 0 17797 8270 0 0 2751 40954 0 0 59 369 226 0 0 5 9 0 
25533 0 0 0 492 0 0 0 0 0 0 0 0 0 0 0 1961 0 0 0 3645 4 0 0 37 2 0 0 0 0 0 0 1912 0 0 0 6560 5 0 0 3140 518 0 0 0 1 0 0 370 0 0 0 50035 27 0 0 2629 1112 0 0 4 276 41 0 
14839 0 0 0 145 0 0 0 0 0 0 0 0 0 0 0 25983 3 0 0 346 50 0 0 247 55 0 0 0 0 0 0 29385 2594 0 0 220 824 0 0 10 56 2 0 0 0 0 0 3287 7848 0 0 70 10887 114 0 72 390 595 3 1 75 108 95 
1635 0 0 0 0 0 0 0 0 0 0 0 0 0 0 0 7365 0 0 0 4053 18 0 0 0 0 0 0 0 0 0 0 1077 0 0 0 17257 37 0 0 13072 349 0 0 1226 13 0 0 82 0 0 0 2698 10 0 0 19817 2046 0 0 24254 3295 0 0 
3902 0 0 0 2143 415 0 0 104 91 1 0 0 0 0 0 3933 21 0 0 85 206 1 0 0 157 120 0 0 0 0 0 20658 501 0 0 41 78 4 0 1 2 15 0 0 0 0 0 19006 32139 91 0 1228 5442 4390 120 545 93 964 949 373 485 0 0 
4225 0 0 0 51 0 0 0 0 0 0 0 0 0 0 0 18585 1631 0 0 30 83 0 0 0 0 0 0 0 0 0 0 13460 15552 6 0 0 716 192 0 0 0 6 0 0 0 0 0 1964 22489 1851 0 0 548 14925 1739 0 0 133 118 0 0 0 0 
5657 0 0 0 71 2 0 0 0 0 0 0 0 0 0 0 11615 10 0 0 168 93 0 0 561 0 0 0 0 0 0 0 27800 113 0 0 3603 1322 0 0 1379 94 0 0 0 1 0 0 10765 254 0 0 5078 10257 0 0 8485 9668 968 0 10 283 47 0 
25282 0 0 0 2081 100 0 0 0 0 0 0 0 0 0 0 1 0 0 0 3166 26956 0 0 431 7682 867 144 0 0 0 0 0 0 0 0 134 34 0 0 99 7712 14642 1163 2 137 517 469 0 0 0 0 0 0 0 0 0 108 191 8 0 0 1013 5365 
53197 0 0 0 374 3 0 0 59 0 0 0 0 0 0 0 2428 7 0 0 285 235 0 0 185 299 11 0 287 367 6 0 6935 657 0 0 681 1500 51 0 27 740 408 0 16 498 606 22 5532 5653 20 0 194 8053 3991 41 0 493 2567 765 0 21 401 689 
44898 0 0 0 290 0 0 0 0 0 0 0 0 0 0 0 516 0 0 0 5650 574 0 0 291 90 0 0 0 0 0 0 0 0 0 0 3772 126 0 0 24790 7570 133 0 0 0 0 0 0 0 0 0 0 0 0 0 3628 5969 6 0 0 1 0 0 
23303 0 0 0 0 0 0 0 0 0 0 0 0 0 0 0 1999 0 0 0 1134 7 0 0 0 0 0 0 0 0 0 0 512 0 0 0 5128 43 0 0 51102 188 0 0 0 0 0 0 0 0 0 0 42 4 0 0 14716 126 0 0 0 0 0 0 
43330 11 0 0 3788 1044 0 0 0 0 0 0 0 0 0 0 229 0 0 0 4594 1687 0 0 22 106 6 0 0 0 0 0 0 0 0 0 6685 16 0 0 23274 461 4 0 1 7 0 0 0 0 0 0 0 0 0 0 10554 194 0 0 1876 392 23 0 
70076 0 0 0 10453 15 0 0 677 10 0 0 0 0 0 0 93 0 0 0 1409 565 0 0 1048 330 5 0 0 1 1 0 0 0 0 0 315 84 0 0 2545 1548 624 6 0 36 89 7 0 0 0 0 0 0 0 0 1682 2264 567 0 24 981 2168 681 
31714 0 0 0 16137 27 0 0 0 0 0 0 0 0 0 0 1254 0 0 0 14254 2504 0 0 1489 535 0 0 0 0 0 0 85 12 0 0 700 449 0 0 896 788 8 0 0 0 1 0 25 5 0 0 2237 21268 87 0 3031 475 156 0 147 19 1 0 
32264 0 0 0 8231 103 0 0 0 0 0 0 0 0 0 0 5907 25 0 0 3858 4918 0 0 79 2716 53 0 0 0 0 0 29620 221 0 0 2483 500 0 0 321 646 211 0 0 4 42 0 1450 544 0 0 803 1042 99 0 1463 459 204 0 6 31 1 0 
20683 27002 0 0 2814 18402 0 0 0 0 0 0 0 0 0 0 937 262 0 0 1934 311 0 0 1132 356 3 0 0 0 0 0 4936 382 0 0 903 526 0 0 2212 2306 123 0 33 1189 592 2 5880 1053 0 0 140 1016 123 0 44 336 462 35 29 595 1236 315 
4882 428 0 0 23 328 1336 0 0 0 0 0 0 0 0 0 153 6 0 0 174 1120 10289 914 0 8 5275 71579 0 0 0 0 13 12 0 0 4 110 61 0 0 48 539 59 0 0 27 37 7 27 0 0 0 15 0 0 0 0 54 7 0 0 120 649 
3750 170 0 0 4 28 0 0 0 0 0 0 0 0 0 0 89 33 0 0 22 36758 52891 0 0 0 15 0 0 0 0 0 1 0 0 0 4 31 28 0 0 4 2261 403 0 0 0 8 0 0 0 0 0 0 0 0 0 0 10 89 0 0 0 1705 
5912 176 0 0 66 93 0 0 0 0 0 0 0 0 0 0 25 41 0 0 257 8744 67144 0 0 12 8999 0 0 0 0 0 0 0 0 0 0 17 23 0 0 20 3092 600 0 0 1 21 0 0 0 0 0 0 0 0 0 0 13 104 0 0 3 2941 
3190 750 0 0 0 124 33 0 0 0 0 0 0 0 0 0 65 40 0 0 24 736 580 5 0 1 637 89977 0 0 0 0 2 0 0 0 22 114 16 0 1 191 582 543 0 0 12 216 0 0 0 0 0 0 0 0 0 42 23 3 0 0 93 282 
4348 1331 0 0 0 881 10046 0 0 0 0 0 0 0 0 0 37 32 0 0 0 1429 69691 0 0 0 5708 0 0 0 0 0 0 0 0 0 0 39 40 0 0 0 1986 668 0 0 0 57 0 0 0 0 0 0 0 0 0 0 30 126 0 0 0 1855 
4570 83 0 0 1 3 0 0 0 0 0 0 0 0 0 0 168 136 0 0 28 1781 501 0 0 0 3 0 0 0 0 0 1 71 0 0 1 181 448 0 0 1 1390 12618 0 0 0 3835 0 18 0 0 0 2 0 0 0 0 0 32 0 0 1 72431 
5710 834 0 0 4 191 0 0 0 0 0 0 0 0 0 0 688 378 0 0 1184 4430 1027 0 0 0 207 0 0 0 0 0 0 26 0 0 283 109 100 0 24 73 1851 643 0 0 0 1161 0 0 0 0 0 0 0 0 0 11 64 98 0 0 25 79183 
3166 543 0 0 0 124 493 47674 0 0 0 8821 0 0 0 0 339 449 0 0 47 1808 1396 5516 0 1 198 20349 0 0 0 0 0 0 0 0 0 108 77 0 0 44 1285 2618 0 0 0 2014 0 0 0 0 0 0 0 0 0 0 58 38 0 0 54 1084 
4309 553 7 0 2 225 7827 0 0 0 1277 0 0 0 0 0 118 40 0 0 47 742 1508 2 0 1 25610 53383 0 0 0 0 38 13 0 0 0 24 21 0 0 1 495 512 0 0 0 451 42 2 0 0 0 11 1 0 0 1 18 2 0 0 0 1021 
7330 148 0 0 0 24 0 0 0 0 0 0 0 0 0 0 205 140 0 0 43 3669 173 0 0 0 45 0 0 0 0 0 0 0 0 0 0 136 338 0 0 12 1964 153 0 0 0 9922 0 0 0 0 0 0 0 0 0 0 0 5 0 0 1 73996 
4028 392 0 0 5 56 0 0 0 0 0 0 0 0 0 0 151 79 0 0 114 3460 1010 0 0 2 18 0 0 0 0 0 0 0 0 0 1 75 167 0 2 62 1890 1072 0 0 0 15431 0 0 0 0 0 0 0 0 0 5 48 62 0 0 34 70140 
4811 25 0 0 1 13 0 0 0 0 0 0 0 0 0 0 0 0 0 0 0 251 25 0 0 0 9 0 0 0 0 0 0 0 0 0 0 1 0 0 0 0 352 1097 0 0 1 8599 0 0 0 0 0 0 0 0 0 0 0 1 0 0 5 83113 
2207 155 0 0 33 171 7 0 0 0 0 0 0 0 0 0 4 2 0 0 47 2188 263 0 0 99 263 0 0 0 0 0 0 0 0 0 0 8 5 0 0 50 2866 1273 0 0 1 21016 0 0 0 0 0 0 0 0 0 0 5 10 0 0 0 67631 
4408 2232 54 0 0 304 19418 49797 0 0 12 11399 0 0 0 0 1886 163 0 0 40 935 937 134 0 0 167 3218 0 0 0 0 22 0 0 0 35 1323 1030 0 0 6 419 60 0 0 0 7 0 0 0 0 0 5 63 0 0 0 31 17 0 0 6 176 
1932 1560 5 0 0 10 2539 13048 0 0 0 0 0 0 0 0 2 111 0 0 0 291 11267 64017 0 0 26 1811 0 0 0 0 0 0 0 0 0 0 113 15 0 0 252 1193 0 0 0 0 0 0 0 0 0 0 0 0 0 0 0 33 0 0 0 79 
9403 28 0 0 7031 170 0 0 0 0 0 0 0 0 0 0 1004 9 0 0 19799 35502 0 0 2665 6367 0 0 0 0 0 0 6 0 0 0 46 1000 23 0 6322 4706 728 0 2 78 7 0 0 0 0 0 0 1 0 0 1 72 773 2 1 74 232 2252 
21681 3 0 0 11746 135 0 0 0 0 0 0 0 0 0 0 882 0 0 0 16750 8177 7 0 8111 7528 2 0 0 0 0 0 0 0 0 0 183 1087 29 0 4198 5370 1488 0 107 2071 236 0 0 0 0 0 0 0 0 0 0 3 1010 523 88 1669 477 4743 
27007 16 0 0 13635 187 0 0 0 0 0 0 0 0 0 0 1799 184 0 0 22400 20939 14 0 935 2134 1 0 0 0 0 0 99 10 0 0 157 1405 37 0 1826 3448 663 0 0 24 3 0 0 0 0 0 1 65 0 0 0 23 259 25 0 25 50 933 
11623 502 0 0 5037 631 0 0 0 0 0 0 0 0 0 0 653 106 0 0 17270 40673 51 0 2346 4779 5 0 0 0 0 0 0 0 0 0 21 1130 137 0 2123 5648 1897 1 6 589 151 0 0 0 0 0 0 0 0 0 0 0 905 306 0 177 154 1383 
16522 30 0 0 9723 1065 72 0 1 9 18 0 0 0 0 0 2458 0 0 0 10864 14841 97 0 1711 12341 2262 307 0 0 5 94 139 0 0 0 2729 3410 0 0 0 10199 3772 136 0 214 356 1108 0 0 0 0 0 70 0 0 0 443 1160 0 0 0 946 1202 
54346 144 0 0 9582 616 0 0 0 0 0 0 0 0 0 0 10294 29 0 0 6100 4101 190 0 0 7 1 0 0 0 0 0 202 0 0 0 183 864 110 0 0 499 2015 50 0 0 0 0 0 0 0 0 0 0 0 0 0 23 2413 145 0 0 1002 5388 
10199 0 0 0 6508 55 0 0 0 0 0 0 0 0 0 0 10374 6 0 0 42143 8041 714 0 1 211 381 0 0 0 0 0 1434 0 0 0 2005 1224 29 0 0 694 1574 30 0 0 17 1 0 0 0 0 2 58 0 0 0 311 321 2 0 0 2240 9729 
4726 92 0 0 2136 396 0 0 2 0 0 0 0 0 0 0 625 104 0 0 9701 4447 21 0 11613 22578 3 0 0 0 0 0 76 4 0 0 364 1177 38 0 10267 14526 301 6 2470 4723 128 0 0 0 0 0 1 498 0 0 0 41 164 51 1664 3040 290 2031 
22798 53 0 0 14107 1708 197 0 0 0 0 0 0 0 0 0 2874 8 0 0 14644 15389 491 0 634 6274 1541 528 0 0 0 0 77 0 0 0 691 3529 33 0 0 3276 3069 59 0 0 50 19 0 0 0 0 0 0 0 0 0 115 1247 1 0 0 1018 3874 
49768 19 0 0 22669 61 0 0 0 0 0 0 0 0 0 0 3004 5 0 0 7048 6348 9 0 5 581 2 0 0 0 0 0 0 0 0 0 52 984 58 0 0 640 2138 0 0 0 0 0 0 0 0 0 0 0 0 0 0 90 2109 250 0 0 245 2219 
