13956 8117 4772 4001 3103 2498 2308 2321 3039 4353 5858 7462 7635 6809 5855 3887 2726 2016 740 612 1619 2391 1970 255 1 33856 213 0 0 5893 1259 8084 1836 0 0 37 11659 0 0 0 0 0 0 0 0 2855 470 1279 6 1311 125 2516 17281 0 0 0 1388 0 0 0 0 0 0 0 0 0 2 172 508 0 0 4 3114 0 0 0 0 0 0 0 0 0 0 0 0 0 0 0 4436 
2250 5253 7587 10003 10058 8497 7859 6810 5390 3461 1926 977 646 565 659 1108 1444 2469 3109 3440 4059 3587 6614 460 73 28562 37 0 0 30577 696 43 0 0 0 0 0 0 0 0 0 0 0 0 0 7421 1450 151 0 1120 515 931 2253 0 0 0 0 0 0 0 0 0 0 0 0 10 42 877 2561 0 0 214 9214 0 0 0 0 0 0 0 0 0 0 0 0 0 0 5 11625 
433 842 1433 2060 2513 3120 3815 5002 6834 8083 10301 12149 12181 14960 11919 2061 435 92 31 23 11 4 2 0 0 7019 196 0 0 9311 1496 2942 589 0 0 0 0 0 0 0 0 35 8 0 0 12178 5967 12391 1589 6595 1081 1502 23665 0 0 0 0 0 0 0 0 3 33 52 0 9272 1919 365 21 0 20 14 0 0 0 0 0 0 0 0 0 0 0 2 8 0 1 25 5 
6602 15303 2543 2889 2705 2702 2240 1970 1728 1578 2089 3519 5786 7670 7031 6337 4296 3862 4467 5364 3597 2116 1704 191 15 25452 6971 0 0 279 3043 447 3 0 0 0 5 0 0 0 0 155 3 0 0 3540 2304 1637 119 7052 345 1004 9120 0 0 0 539 0 0 0 0 29 39 0 0 12231 3451 505 1973 8 149 1 13657 0 0 0 0 0 0 0 0 0 42 64 0 0 17 146 3974 
2125 4585 2139 2640 3891 4117 3943 3773 3693 4766 6175 7368 7526 8044 5812 4363 5206 5695 4886 3239 1856 1170 889 373 30 12634 4250 0 0 1266 9371 3027 336 0 0 175 10530 0 0 0 0 160 5 0 0 3745 4820 2989 0 200 2843 3673 6492 0 0 0 0 9 3 0 0 35 165 2 0 154 13311 5558 2559 0 582 519 1585 0 0 0 0 0 42 0 0 0 105 116 9 0 140 3245 3649 
3326 10317 6188 4773 4327 4481 4806 5800 7526 8425 7392 4265 2587 2404 2004 1760 1541 1753 1819 1734 2745 3920 3401 771 239 30226 106 0 0 11812 545 0 0 0 0 0 0 0 0 0 0 367 2 0 0 19923 3772 81 0 5507 842 441 117 0 0 0 0 3 0 0 0 54 109 7 0 3808 1690 2888 2811 0 5 178 1739 0 0 0 0 0 0 0 0 5 190 21 3 0 7 135 10910 
4809 5018 3343 3109 3464 4111 4606 4437 3995 3374 3270 3100 3056 3056 2965 2970 3766 6046 7597 4982 9128 7150 522 356 74 17704 2675 0 0 11387 1066 220 0 204 0 0 0 0 0 0 0 447 389 0 0 661 6017 7198 0 91 19 3626 4020 0 0 0 226 1 0 0 0 7 331 391 0 0 135 5265 6250 0 0 1 27045 0 0 0 0 0 0 0 0 0 0 383 218 0 0 143 2184 
1573 4290 5625 6416 7145 7837 8166 8510 9383 9091 7144 4446 3638 2467 474 250 101 59 50 54 301 1183 9922 178 1 25641 2612 0 0 11108 13348 0 0 0 0 0 0 0 0 0 0 0 24 0 0 975 23636 104 0 0 5518 2888 0 0 0 0 0 0 0 0 0 0 141 13 0 0 9 622 7 0 0 21 69 0 0 0 0 0 0 0 0 0 0 0 0 0 0 0 11568 
6158 6634 5186 5859 5077 3818 4323 6141 8620 9092 7904 5531 4670 3432 2495 1540 641 320 224 134 117 108 10101 179 0 28441 1 0 0 792 27 0 0 0 0 0 0 0 0 0 0 6777 6 0 0 20253 872 0 0 16 18 3 0 0 0 0 0 2119 0 0 0 14132 2095 0 0 1343 2884 32 0 0 0 0 0 0 0 0 0 5177 731 0 0 41 1795 165 0 0 32 302 10250 
1920 6440 10932 8398 8157 10075 8418 7152 5869 4517 6216 2478 666 405 317 289 284 277 246 263 290 436 13132 1022 105 41057 176 0 0 7088 1318 0 0 0 0 0 0 0 0 0 0 3626 22 0 0 18414 6836 100 0 546 100 91 0 0 0 0 0 1 0 0 0 659 1238 2 0 6 525 922 27 0 0 19 75 0 0 0 0 0 2 0 0 0 202 130 3 0 0 222 14897 
977 6663 16644 11135 3569 3708 5682 5343 6157 8032 10200 9241 3232 1438 1067 909 760 726 637 521 324 322 918 99 0 39137 302 0 0 7427 733 0 0 0 0 0 0 0 0 0 0 2317 50 0 0 19526 9652 2203 0 319 6060 825 0 0 0 0 0 553 0 0 0 1007 1241 74 0 0 509 2134 1694 0 0 0 51 0 0 0 0 4 17 0 0 0 122 492 87 0 1 490 1277 
1506 3286 4100 4634 4904 5785 10766 16304 17358 11794 4345 3278 2782 2398 1310 461 288 294 312 339 514 389 948 199 10 19606 1085 0 0 31893 8754 41 0 0 0 0 0 0 0 0 0 174 10 0 0 8087 10800 6336 0 687 3844 2814 0 0 0 0 0 0 0 0 0 0 83 2 0 0 368 598 710 0 1 9 355 0 0 0 0 0 0 0 0 0 0 2 2 0 0 10 2033 
2082 4322 3908 3518 3653 4260 5423 6792 7582 5740 5754 14471 13264 6529 3229 1684 1261 903 833 608 551 661 1098 160 18 18007 210 0 0 14357 5546 60 0 433 3 0 0 0 0 0 0 12 0 0 0 5919 4765 3664 0 18026 15346 3347 0 0 1 0 0 0 0 0 0 0 28 0 0 1 704 2940 1573 0 4 15 1002 0 0 0 0 0 0 0 0 0 4 26 0 0 0 154 2157 
2586 3764 2563 2275 2375 2444 2541 2947 3394 4179 6012 9816 13310 12650 8532 4914 2289 821 335 128 73 85 9559 703 9 14613 446 0 0 3585 2962 0 0 0 0 0 0 0 0 0 0 3 19 0 0 2919 8804 1227 0 29401 4091 5969 0 0 0 0 0 0 0 0 0 0 0 0 0 8696 1003 2814 28 674 468 1 71 0 0 0 0 0 0 0 0 0 0 4 0 37 58 11 10400 
8261 2178 1584 2103 3106 4079 5405 6308 6761 7381 8813 9765 6938 2772 657 168 92 155 721 2531 4812 2723 10914 70 7 19270 134 0 0 5092 395 0 0 0 0 0 0 0 0 0 0 1305 0 0 0 21710 5752 36 0 16929 3347 113 0 0 0 0 0 0 0 0 0 358 897 0 0 0 826 276 150 0 0 16 7548 0 0 0 0 0 0 0 0 0 4 7 0 0 0 16 14123 
6269 10201 8293 6712 5974 6058 6209 7051 8321 8488 6310 2467 757 410 358 266 276 257 300 652 1593 2187 8442 419 34 37380 0 0 0 23057 313 0 0 0 0 0 0 0 0 0 0 258 0 0 0 12453 4307 0 0 3272 1931 26 0 0 0 0 0 3 0 0 0 211 201 0 0 0 334 983 2 0 5 193 434 0 0 0 0 0 10 0 0 0 12 184 0 0 0 201 12534 
1751 3202 2703 2934 3712 4645 5930 6784 7140 7205 8615 8822 9277 6955 5163 6570 4605 1677 433 126 42 12 1 0 0 14303 73 0 0 6724 163 1 0 0 0 0 0 0 0 0 0 2720 1 0 0 26884 1360 11594 0 4708 940 8050 2968 0 0 0 0 224 20 0 0 591 222 1 0 351 1616 9278 5038 0 37 9 22 53 15 0 0 30 44 14 0 10 34 90 7 0 3 15 91 
2696 7219 3547 3619 4912 6592 7750 7865 6945 5169 3936 5153 5194 5618 3312 4208 3590 3864 4932 831 553 380 226 154 39 24280 468 0 0 8403 586 7 0 0 0 0 0 0 0 0 0 26 0 0 0 24639 2468 4675 1313 1120 533 1150 10554 0 0 0 0 0 0 0 0 3 10 0 0 84 2365 2196 10733 0 15 174 368 0 0 0 0 0 0 0 0 0 0 36 0 0 0 1730 368 
145 964 1783 4190 7710 9944 11737 11998 9734 8493 7501 6317 4603 3118 2516 1913 1510 1223 801 503 474 386 415 278 48 16883 7625 0 0 1062 679 0 0 0 0 0 0 0 0 0 0 2102 87 0 0 35041 5525 12870 3 1760 172 2005 1125 0 0 0 0 0 0 0 0 168 165 2 0 590 1017 2720 4591 0 0 36 161 0 0 0 0 0 0 0 0 0 53 40 1 0 1 148 1672 
1356 1485 2057 2258 2507 3026 3593 4289 5763 7689 9968 13072 13050 5847 1772 995 1142 1636 2238 3775 4451 3331 2722 271 11 9802 231 0 0 6879 1444 0 0 0 0 0 0 0 0 0 0 756 16 0 0 19903 3280 237 0 24483 5824 473 29 0 0 0 0 137 17 0 0 584 166 27 0 621 2674 1466 4578 0 40 24 2953 51 59 0 0 10 9 0 0 52 159 25 3 0 21 119 11152 
679 1673 2151 2185 2625 3325 4141 5053 6678 9782 14875 16373 12857 7382 3404 1384 748 651 436 375 312 382 536 258 39 9177 281 0 0 6883 838 0 0 0 0 0 0 0 0 0 0 1620 6 0 0 31123 2461 64 0 24902 5527 139 9 0 0 0 0 252 14 0 0 1831 525 9 0 1289 7685 778 382 0 77 62 14 55 106 0 0 0 44 3 0 1 52 288 29 0 2 686 1090 
1184 1559 1690 1571 1668 1646 1873 2282 2923 3540 4410 5396 6482 8122 9192 7704 5035 2916 2833 7619 8088 10371 182 17 1 6327 0 0 0 490 1 0 0 0 0 0 0 0 0 0 0 3374 3 0 0 14698 588 0 0 1823 682 0 0 0 0 0 0 225 0 0 0 3159 606 1 0 18680 15794 332 324 0 76 178 16277 0 0 0 0 42 41 0 0 460 2562 136 0 6 2160 542 8717 
2372 2142 1404 1117 1010 1094 1466 2350 4329 7514 11568 14382 12146 5896 1863 667 267 915 1825 4217 6954 7064 5495 230 17 8479 42 0 0 557 44 0 0 0 0 0 0 0 0 0 0 622 3 0 0 32457 3363 10 0 6825 6814 8 0 0 0 0 0 0 0 0 0 105 408 0 0 448 11092 489 1747 0 3 21 8638 0 0 0 0 0 0 0 0 0 7 46 0 0 0 107 15969 
2164 1100 723 864 1375 2270 3729 6320 9022 9836 9591 9432 7732 4594 2921 2974 4259 4359 4502 4116 2792 1884 1440 292 13 6645 145 140 0 2601 76 9875 239 0 0 0 0 0 0 0 0 341 1 0 0 23100 1500 8799 2894 3309 1784 968 9204 0 0 0 0 0 0 0 0 28 29 0 0 507 1581 1065 11282 0 15 60 7064 0 0 0 0 0 0 0 0 0 3 1 0 0 2 107 4939 
2081 1344 1978 3963 7164 8688 7064 5414 4981 4936 5911 6156 6295 5373 4631 5178 5351 4081 2940 2278 1166 555 547 222 7 20135 609 1011 0 7855 402 5063 52 0 0 0 0 0 0 0 0 73 3 0 0 10734 1861 12609 2566 12 152 3656 8516 0 0 0 0 12 9 0 0 1 12 0 0 0 167 4595 13416 0 0 9 2439 0 0 0 0 0 0 0 0 0 0 0 1 0 0 27 2307 
139 175 217 298 559 927 1233 1712 2609 3834 6047 7053 5687 4169 2862 1813 1096 718 459 277 204 230 1454 7972 8757 1493 0 0 0 1068 363 295 0 0 6 109 0 0 0 0 0 287 0 0 0 12549 1262 1153 0 2770 347 2400 0 0 0 0 0 0 0 0 0 1476 21 0 0 13175 323 695 11 24 9 80 144 0 0 0 0 18 0 0 0 1399 174 27 0 63 251 223 18286 
3560 4640 4857 4973 5498 5887 6418 6984 7849 8481 9123 9118 8045 5791 3728 1853 853 384 184 60 17 0 1 0 0 22901 0 0 0 368 0 0 0 0 0 0 0 0 0 0 0 9243 2 0 0 24012 690 0 0 123 5 0 0 0 0 0 0 1265 0 0 0 22166 1595 0 0 7761 1763 48 0 0 0 0 0 9 0 0 0 2808 136 0 0 2442 758 66 0 95 35 13 0 
1666 3552 3614 3806 4034 4419 4921 5531 6167 6683 7465 8073 7961 7021 4523 2419 1640 2243 3969 5010 2841 564 147 28 7 15996 50 0 0 1916 533 6 0 0 0 0 0 0 0 0 0 6264 6 0 0 16361 7367 569 0 1207 1760 1251 46 0 0 0 0 1471 26 0 0 7142 5904 2 0 3236 9290 2072 1352 0 41 322 11413 7 4 0 0 135 322 0 0 240 1156 96 0 0 195 418 128 
67 1726 3584 4791 6710 7848 8139 8272 8252 7843 7660 8108 10435 9379 4084 922 259 104 45 29 20 17 8 2 0 14482 0 0 0 6440 9 0 0 0 0 0 0 0 0 0 0 9125 0 0 0 29014 725 0 0 9755 7755 0 0 0 0 0 0 3406 177 0 0 3523 916 0 0 3793 8837 105 0 0 14 51 1 0 0 0 0 1 56 0 0 6 57 5 0 0 3 34 14 
433 1538 2346 2699 3335 3677 4016 4132 4232 4572 5135 5731 6537 7687 9344 9592 7957 7822 5666 1526 293 30 2 2 0 11393 0 0 0 4115 39 0 0 0 0 0 0 0 0 0 0 832 0 0 0 17800 3066 197 0 2460 702 404 0 0 0 0 0 0 0 0 0 3477 1415 3 0 11950 20008 5368 11 532 9098 26 172 0 0 0 0 0 0 0 0 1892 1163 186 0 279 1620 87 9 
199 879 1726 1817 1856 1731 1904 2010 2466 2878 4066 5571 8143 11137 12078 9527 6678 7436 8852 5494 1731 108 15 2 0 5769 0 0 0 2113 125 8 0 0 0 0 0 0 0 0 0 1661 6 0 0 9367 3083 788 0 3750 2559 1881 0 0 0 0 0 1019 36 0 0 1176 535 0 0 9865 28358 5415 2226 39 504 666 12806 138 54 0 0 119 229 0 0 66 1554 10 0 3 1925 75 376 
985 2154 4237 7629 8734 8882 8931 7928 7302 6422 5752 5361 5238 4901 4483 3378 2315 1436 931 563 413 232 70 20 7 27909 602 0 0 8263 1627 25 0 0 0 0 0 0 0 0 0 3873 155 0 0 16276 7260 698 82 1778 6010 282 182 0 0 0 0 352 290 0 0 3917 3176 33 0 2348 7455 564 253 57 1114 106 41 0 7 0 0 33 470 24 0 54 1474 105 1 60 1100 154 94 
429 1127 1854 2383 3060 3401 3953 4565 5366 6181 7095 7869 8237 7620 7261 7147 7875 6842 3896 1623 425 79 15 1 0 7958 3 0 0 2750 46 0 0 0 0 0 0 0 0 0 0 4972 13 0 0 18069 1521 5 0 6163 1954 134 11 205 360 0 0 538 43 0 0 10173 3011 0 0 10893 8650 454 44 113 13432 139 817 0 16 0 0 156 331 0 0 1074 3001 59 4 125 963 100 4 
1 1179 16916 9367 8297 5031 5355 5171 4306 4394 5417 6156 4895 5950 5311 3516 1889 1245 877 656 242 121 1880 132 0 28906 0 0 0 0 0 0 0 0 0 0 0 0 0 0 0 18035 0 0 0 83 24 0 0 0 0 0 0 0 0 0 0 9549 0 0 0 3907 12 0 0 0 0 0 0 0 0 0 0 76 0 0 0 25642 0 0 0 8638 0 0 0 1067 292 244 1829 
14391 6325 3637 3528 3309 2791 2602 2921 8973 7587 6464 5477 5291 4924 3194 1516 1287 1356 1851 3495 6538 90 701 56 0 23991 0 0 0 0 0 0 0 0 0 0 0 0 0 0 0 10533 0 0 0 1186 25 0 0 0 0 0 0 0 0 0 0 5769 1 0 0 17480 118 0 0 9 0 0 0 0 0 0 0 1426 0 0 0 19560 269 0 0 5799 203 1 0 10943 200 154 637 
0 0 91 1796 6756 7359 5563 6166 5840 8129 11508 12513 11595 10954 6500 2309 1036 184 5 0 0 0 0 0 0 12169 0 0 0 4 0 0 0 0 0 0 0 0 0 0 0 7105 0 0 0 15575 266 0 0 0 0 0 0 0 0 0 0 1 0 0 0 39434 1300 0 0 135 449 0 0 0 0 0 0 0 0 0 0 14761 1 0 0 6101 1003 0 0 0 0 0 0 
847 5038 7881 5919 5745 4496 3211 4322 6210 9033 14881 15855 7850 4646 1774 331 40 21 29 23 92 58 2 0 0 21055 0 0 0 0 0 0 0 0 0 0 0 0 0 0 0 13705 0 0 0 6173 0 0 0 0 0 0 0 0 0 0 0 1091 0 0 0 43022 6 0 0 0 1 0 0 0 0 0 0 0 0 0 0 12432 3 0 0 626 18 0 0 84 88 0 0 
4410 6570 726 751 543 488 17603 55139 914 1074 2266 2887 2490 1848 595 0 0 0 0 0 0 0 0 0 0 11087 0 0 0 0 0 0 0 0 0 0 0 0 0 0 0 1611 0 0 0 0 0 0 0 0 0 0 0 0 0 0 0 1379 3 0 0 0 0 0 0 0 0 0 0 0 0 0 0 76449 933 0 0 2085 4757 0 0 0 0 0 0 0 0 0 0 
10615 16495 8038 3393 3823 4886 5733 3195 4084 4463 6654 6619 6950 5530 4200 3076 526 24 0 0 0 0 0 0 0 29710 0 0 0 0 0 0 0 0 0 0 0 0 0 0 0 21873 0 0 0 42 1 0 0 0 0 0 0 0 0 0 0 8997 2 0 0 13041 175 0 0 14 41 0 0 0 0 0 0 201 0 0 0 18306 108 0 0 5602 191 0 0 0 0 0 0 
671 14625 17099 12354 7233 6045 6368 5917 6196 4944 4142 3554 2966 4463 1453 239 32 3 0 0 0 0 0 0 0 13475 26075 1335 0 0 105 746 0 0 0 0 0 0 0 0 0 8595 14663 106 0 0 3103 6182 0 0 0 0 0 0 0 0 0 821 5531 0 0 2 7057 638 0 0 0 0 0 0 0 0 0 3 374 0 0 0 8863 595 0 0 0 35 0 0 0 0 0 
20817 9808 6020 3628 2777 2958 3789 3716 4063 5409 7559 7363 10361 5550 2215 1558 686 25 1 1 0 0 0 0 0 33999 0 0 0 0 0 0 0 0 0 0 0 0 0 0 0 13414 2 0 0 42 27 0 0 0 0 0 0 0 0 0 0 10223 6 0 0 13520 892 0 0 0 3 0 0 0 0 0 0 805 17 0 0 21001 1333 0 0 2726 289 5 0 0 0 0 0 
399 12163 10103 6283 6817 8195 11745 7931 5060 4563 4924 4672 4237 3204 2553 1895 1628 1407 502 20 3 0 0 0 0 33832 421 0 0 2410 3146 4 0 0 0 0 0 0 0 0 0 5194 246 0 0 705 2252 767 0 0 387 775 0 0 0 0 0 10854 594 0 0 136 1907 156 0 0 59 284 0 0 0 2 0 15814 2120 0 0 2004 10058 315 0 0 1829 2031 1 0 0 1 0 
66249 4552 325 360 4778 7743 2724 2265 2351 1942 1420 892 553 395 299 263 272 188 209 472 52 0 0 0 0 70943 0 0 0 0 0 0 0 0 0 0 0 0 0 0 0 1134 0 0 0 138 5 0 0 0 0 0 0 0 0 0 0 17613 16 0 0 350 103 0 0 206 92 6 0 0 0 0 0 3660 767 0 0 207 1734 16 0 4 127 846 0 0 0 323 14 
79936 2522 1369 1115 2305 1911 1354 1131 1126 818 700 450 386 330 267 223 231 217 315 1318 249 30 1 0 0 83814 415 0 0 3 57 24 0 0 0 0 0 0 0 0 0 2370 182 0 0 476 848 167 0 0 0 0 0 0 0 0 0 4974 22 0 0 115 743 60 0 0 38 413 17 0 0 73 8 433 20 0 0 110 835 24 0 0 34 836 43 0 0 599 551 
9354 7312 17671 16627 18425 10267 5038 4327 2984 2161 1491 965 522 297 222 206 175 113 79 46 18 4 0 0 0 20042 0 0 0 0 0 0 0 0 0 0 0 0 0 0 0 36621 0 0 0 0 0 0 0 0 0 0 0 0 0 0 0 35331 2 0 0 110 10 0 0 0 2 0 0 0 0 0 0 2033 1 0 0 3307 66 1 0 633 37 3 0 29 51 25 0 
1626 5245 9384 13270 13109 9271 7808 7162 6924 8622 10512 3173 1026 277 78 23 22 21 18 38 276 417 2 0 0 28845 0 0 0 0 0 0 0 0 0 0 0 0 0 0 0 23874 0 0 0 39 4 0 0 0 0 0 0 0 0 0 0 15264 0 0 0 121 26 0 0 0 0 0 0 0 0 0 0 25039 0 0 0 4199 25 0 0 101 50 0 0 68 216 335 98 
26970 7728 5381 5823 4495 3489 2636 2966 4048 4660 4032 3130 2838 3445 4227 5960 4806 1193 380 90 6 1 0 0 0 46455 1 0 0 0 0 0 0 0 0 0 0 0 0 0 0 10980 30 0 0 2932 1113 0 0 0 0 0 0 0 0 0 0 710 0 0 0 11919 5092 0 0 275 5746 499 0 0 0 0 0 0 0 0 0 1588 6 0 0 5317 5290 14 0 322 15 0 0 
16095 12419 13115 9792 9163 10121 5022 3708 2431 2423 2318 2256 2132 1733 1220 1243 1116 790 718 370 116 3 0 0 0 31532 0 0 0 0 0 0 0 0 0 0 0 0 0 0 0 22426 15 0 0 18 58 0 0 0 0 0 0 0 0 0 0 23011 10 0 0 404 375 0 0 59 13 8 0 0 0 0 0 7577 7 0 0 7465 272 1 0 3675 438 56 0 313 468 103 0 
26467 6670 5642 4687 5509 8692 6013 5407 5831 5763 4372 4079 2284 1527 1133 860 612 621 894 842 375 24 0 0 0 45930 0 0 0 0 0 0 0 0 0 0 0 0 0 0 0 18560 32 0 0 1314 793 0 0 0 0 0 0 0 0 0 0 6903 26 0 0 5780 1417 1 0 22 18 15 0 0 0 0 0 4802 18 0 0 6654 1673 0 0 1601 1415 145 0 898 275 12 0 
0 0 0 0 1 7 17 20 15 44 204 797 8729 7212 2815 1433 1174 1597 1432 5922 13783 10581 41398 1113 10 4 0 0 0 0 0 0 0 0 0 0 0 0 0 0 0 12 0 0 0 22 44 0 0 0 0 0 0 0 0 0 0 11 0 0 0 3 549 0 0 0 176 714 0 0 0 0 0 133 45 0 0 13 19239 0 0 0 1054 5912 93 0 0 2273 68007 
114 187 373 757 843 1397 2381 756 679 1040 1426 1515 1077 1056 1028 4962 19723 10636 26930 21222 179 19 4 0 0 985 0 0 0 0 0 0 0 0 0 0 0 0 0 0 0 1655 1 0 0 178 614 0 0 0 0 0 0 0 0 0 0 3177 0 0 0 368 532 2 0 22 3311 48355 2 0 0 9 0 2532 0 0 0 3548 27 0 0 1898 1825 13580 54 113 199 13487 1830 
128 247 441 2171 2235 1359 872 808 829 2700 5671 3840 1695 1411 1407 1352 1288 1565 4479 11856 12695 19740 19215 290 10 1673 0 0 0 571 54 0 0 0 0 0 0 0 0 0 0 5098 0 0 0 597 1235 0 0 5 160 5 0 0 0 0 0 1241 0 0 0 2521 1808 0 0 0 850 4068 0 0 0 827 1539 2368 0 0 0 4800 3095 0 0 0 781 6502 81 0 0 3787 54638 
534 991 1394 1064 1477 2284 11010 5398 2456 2255 1991 1822 1593 1259 1138 991 1737 10446 7159 9236 9794 10476 11720 67 12 4845 521 0 0 74 1571 1 0 0 0 0 0 0 0 0 0 1169 9 0 0 493 2552 289 0 0 4 140 0 0 0 0 0 2165 0 0 0 515 531 34 0 53 378 6569 104 0 0 3 14 16658 0 0 0 3672 143 0 0 946 963 15874 690 307 399 1911 34707 
131 451 596 1431 1717 1269 1617 3383 2475 1954 1624 1570 1126 746 696 753 969 1078 4883 6718 13970 22957 25875 305 10 4372 0 0 0 1119 0 0 0 0 0 0 0 0 0 0 0 714 0 0 0 1154 201 0 0 0 2 0 0 0 0 0 0 5084 1 0 0 2355 887 0 0 86 660 600 0 0 0 4 0 2214 24 0 0 1702 96 0 0 1340 1287 8290 163 1 155 1555 64238 
98 122 87 102 498 2648 3030 1454 1654 1830 1038 608 667 810 1237 6248 9546 11845 20908 33400 459 15 0 0 0 345 0 0 0 0 0 0 0 0 0 0 0 0 0 0 0 1646 15 0 0 208 824 0 0 0 0 0 0 0 0 0 0 3754 5 0 0 358 1288 0 0 0 586 33316 0 0 0 13 1 4999 0 0 0 855 269 4 0 827 775 24013 42 0 0 16221 7940 
3819 2746 1426 2319 7762 15242 11590 7627 5993 5064 4177 3291 2478 1920 1933 2097 2559 4071 11505 606 76 3 0 0 0 29847 0 0 0 1042 0 0 0 0 0 0 0 0 0 0 0 1518 0 0 0 11471 12378 0 0 0 0 0 0 0 0 0 0 6257 8 0 0 1052 2647 0 0 851 3295 16972 0 0 0 8 0 5620 22 0 0 1622 518 2 0 335 480 2036 0 0 11 266 46 
0 0 0 1 55 904 4721 3978 2013 1296 1050 1526 1466 1745 1272 997 1014 1647 6253 10261 9577 12456 35931 141 0 4 0 0 0 0 0 0 0 0 0 0 0 0 0 0 0 5360 0 0 0 742 582 0 0 0 0 0 0 0 0 0 0 4968 0 0 0 2104 1858 0 0 11 1144 1306 0 0 0 0 0 0 0 0 0 2929 352 0 0 1169 626 12149 60 962 660 7590 53728 
14353 1364 1487 2897 2839 2566 2936 3498 4494 6710 9081 11826 12057 16168 5793 62 9 7 19 23 96 19 0 0 0 16925 0 0 0 0 0 0 0 0 0 0 0 0 0 0 0 8341 0 0 0 175 18 0 0 0 0 0 0 0 0 0 0 9822 0 0 0 3461 168 0 0 0 1 0 0 0 0 0 0 12705 3 0 0 46311 116 0 0 67 65 0 0 74 52 0 0 
1224 2006 2665 4163 4794 5334 5993 8741 13703 15156 11471 7434 5044 3554 2114 1384 801 506 299 244 270 588 816 0 0 6098 0 0 0 0 0 0 0 0 0 0 0 0 0 0 0 14692 0 0 0 54 0 0 0 0 0 0 0 0 0 0 0 11868 0 0 0 12063 75 0 0 28 0 0 0 0 0 0 0 29625 0 0 0 18324 131 0 0 3162 216 0 0 75 791 493 609 
2 132 12199 7238 4254 1603 1104 1212 5845 6408 15731 18658 15786 6381 1001 265 151 124 126 67 15 2 0 0 0 19264 0 0 0 447 5 0 0 0 0 0 0 0 0 0 0 4912 0 0 0 3 55 0 0 0 1 0 0 0 0 0 0 2886 67 0 0 85 138 0 0 1 0 0 0 0 0 0 0 17797 8270 0 0 2751 40954 0 0 59 369 226 0 0 5 9 0 
0 1 19946 5115 1293 1018 952 1343 2146 3785 9534 17939 17657 10631 2729 1586 1143 769 335 194 140 45 3 0 0 25533 0 0 0 492 0 0 0 0 0 0 0 0 0 0 0 1961 0 0 0 3645 4 0 0 37 2 0 0 0 0 0 0 1912 0 0 0 6560 5 0 0 3140 518 0 0 0 1 0 0 370 0 0 0 50035 27 0 0 2629 1112 0 0 4 276 41 0 
43 9721 7024 9820 10335 10461 10225 8033 7255 6363 5655 5121 3791 2086 739 466 317 264 185 127 93 65 100 15 0 14839 0 0 0 145 0 0 0 0 0 0 0 0 0 0 0 25983 3 0 0 346 50 0 0 247 55 0 0 0 0 0 0 29385 2594 0 0 220 824 0 0 10 56 2 0 0 0 0 0 3287 7848 0 0 70 10887 114 0 72 390 595 3 1 75 108 95 
0 0 940 740 1653 3576 2280 2020 2664 2846 5373 6631 4668 4924 4964 5073 7155 13016 20859 8745 176 1 0 0 0 1635 0 0 0 0 0 0 0 0 0 0 0 0 0 0 0 7365 0 0 0 4053 18 0 0 0 0 0 0 0 0 0 0 1077 0 0 0 17257 37 0 0 13072 349 0 0 1226 13 0 0 82 0 0 0 2698 10 0 0 19817 2046 0 0 24254 3295 0 0 
0 221 1552 2007 2959 8319 12844 13281 14484 11746 11109 6277 3778 2899 1985 1402 987 654 518 418 546 314 4 0 0 3902 0 0 0 2143 415 0 0 104 91 1 0 0 0 0 0 3933 21 0 0 85 206 1 0 0 157 120 0 0 0 0 0 20658 501 0 0 41 78 4 0 1 2 15 0 0 0 0 0 19006 32139 91 0 1228 5442 4390 120 545 93 964 949 373 485 0 0 
0 0 651 5965 17470 10998 10834 9331 9370 7518 5472 4351 4176 3870 4281 3329 653 27 6 2 0 0 0 0 0 4225 0 0 0 51 0 0 0 0 0 0 0 0 0 0 0 18585 1631 0 0 30 83 0 0 0 0 0 0 0 0 0 0 13460 15552 6 0 0 716 192 0 0 0 6 0 0 0 0 0 1964 22489 1851 0 0 548 14925 1739 0 0 133 118 0 0 0 0 
0 7 3922 4181 5965 10497 15950 9500 4299 3109 2782 3483 4540 5325 6199 7104 5776 3114 1704 689 154 4 0 0 0 5657 0 0 0 71 2 0 0 0 0 0 0 0 0 0 0 11615 10 0 0 168 93 0 0 561 0 0 0 0 0 0 0 27800 113 0 0 3603 1322 0 0 1379 94 0 0 0 1 0 0 10765 254 0 0 5078 10257 0 0 8485 9668 968 0 10 283 47 0 
5926 12216 2981 2447 1191 911 1021 1544 2840 4771 10375 12210 6281 5760 3914 3646 3148 3982 5874 3298 2582 580 621 176 9 25282 0 0 0 2081 100 0 0 0 0 0 0 0 0 0 0 1 0 0 0 3166 26956 0 0 431 7682 867 144 0 0 0 0 0 0 0 0 134 34 0 0 99 7712 14642 1163 2 137 517 469 0 0 0 0 0 0 0 0 0 108 191 8 0 0 1013 5365 
49588 2334 1401 1150 1691 2247 3544 3201 3058 3421 4016 3785 3432 3108 2825 2547 1999 1572 1115 732 570 472 365 123 8 53197 0 0 0 374 3 0 0 59 0 0 0 0 0 0 0 2428 7 0 0 285 235 0 0 185 299 11 0 287 367 6 0 6935 657 0 0 681 1500 51 0 27 740 408 0 16 498 606 22 5532 5653 20 0 194 8053 3991 41 0 493 2567 765 0 21 401 689 
1152 39407 1973 1158 963 842 844 905 1081 1423 2254 3221 4680 6328 9971 10968 6761 4277 96 0 0 0 0 0 0 44898 0 0 0 290 0 0 0 0 0 0 0 0 0 0 0 516 0 0 0 5650 574 0 0 291 90 0 0 0 0 0 0 0 0 0 0 3772 126 0 0 24790 7570 133 0 0 0 0 0 0 0 0 0 0 0 0 0 3628 5969 6 0 0 1 0 0 
1 18025 4277 698 754 920 747 607 573 464 593 2692 10734 17622 18039 14958 6584 16 0 0 0 0 0 0 0 23303 0 0 0 0 0 0 0 0 0 0 0 0 0 0 0 1999 0 0 0 1134 7 0 0 0 0 0 0 0 0 0 0 512 0 0 0 5128 43 0 0 51102 188 0 0 0 0 0 0 0 0 0 0 42 4 0 0 14716 126 0 0 0 0 0 0 
15912 8358 7521 6224 4203 3479 2452 1894 1501 1713 2624 4662 8306 8060 3896 4527 6307 4178 1924 456 74 25 7 1 0 43330 11 0 0 3788 1044 0 0 0 0 0 0 0 0 0 0 229 0 0 0 4594 1687 0 0 22 106 6 0 0 0 0 0 0 0 0 0 6685 16 0 0 23274 461 4 0 1 7 0 0 0 0 0 0 0 0 0 0 10554 194 0 0 1876 392 23 0 
1001 64226 2367 1923 2245 3275 3352 1696 1259 1186 983 807 791 866 1214 1550 1987 2110 1731 1558 1104 626 352 87 8 70076 0 0 0 10453 15 0 0 677 10 0 0 0 0 0 0 93 0 0 0 1409 565 0 0 1048 330 5 0 0 1 1 0 0 0 0 0 315 84 0 0 2545 1548 624 6 0 36 89 7 0 0 0 0 0 0 0 0 1682 2264 567 0 24 981 2168 681 
17304 5268 3744 3332 4258 5420 5867 6577 5792 4297 3843 5174 11941 8449 3075 1829 1151 519 305 147 11 1 0 0 0 31714 0 0 0 16137 27 0 0 0 0 0 0 0 0 0 0 1254 0 0 0 14254 2504 0 0 1489 535 0 0 0 0 0 0 85 12 0 0 700 449 0 0 896 788 8 0 0 0 1 0 25 5 0 0 2237 21268 87 0 3031 475 156 0 147 19 1 0 
10 2243 14542 8307 10705 20766 17382 4661 3677 2959 2549 2504 2438 1728 1267 1028 689 517 263 60 9 0 0 0 0 32264 0 0 0 8231 103 0 0 0 0 0 0 0 0 0 0 5907 25 0 0 3858 4918 0 0 79 2716 53 0 0 0 0 0 29620 221 0 0 2483 500 0 0 321 646 211 0 0 4 42 0 1450 544 0 0 803 1042 99 0 1463 459 204 0 6 31 1 0 
0 0 30 2614 34924 30112 7976 3958 2549 1863 1413 1354 1236 1406 1399 1228 1185 1264 1200 916 715 522 350 83 7 20683 27002 0 0 2814 18402 0 0 0 0 0 0 0 0 0 0 937 262 0 0 1934 311 0 0 1132 356 3 0 0 0 0 0 4936 382 0 0 903 526 0 0 2212 2306 123 0 33 1189 592 2 5880 1053 0 0 140 1016 123 0 44 336 462 35 29 595 1236 315 
623 1145 1319 926 778 569 479 432 454 796 2951 12672 44801 19763 9247 122 114 137 129 171 127 154 223 155 17 4882 428 0 0 23 328 1336 0 0 0 0 0 0 0 0 0 153 6 0 0 174 1120 10289 914 0 8 5275 71579 0 0 0 0 13 12 0 0 4 110 61 0 0 48 539 59 0 0 27 37 7 27 0 0 0 15 0 0 0 0 54 7 0 0 120 649 
807 804 1058 647 316 261 335 1844 7413 22470 38130 19204 521 281 483 697 498 344 344 385 352 303 506 275 26 3750 170 0 0 4 28 0 0 0 0 0 0 0 0 0 0 89 33 0 0 22 36758 52891 0 0 0 15 0 0 0 0 0 1 0 0 0 4 31 28 0 0 4 2261 403 0 0 0 8 0 0 0 0 0 0 0 0 0 0 10 89 0 0 0 1705 
879 737 1096 1232 1118 898 675 765 1010 4975 18027 30280 25229 5325 375 338 770 890 571 375 396 720 1112 470 41 5912 176 0 0 66 93 0 0 0 0 0 0 0 0 0 0 25 41 0 0 257 8744 67144 0 0 12 8999 0 0 0 0 0 0 0 0 0 0 17 23 0 0 20 3092 600 0 0 1 21 0 0 0 0 0 0 0 0 0 0 13 104 0 0 3 2941 
1121 694 734 690 407 277 246 260 219 181 205 942 8008 59715 22565 558 344 280 271 393 143 46 5 0 0 3190 750 0 0 0 124 33 0 0 0 0 0 0 0 0 0 65 40 0 0 24 736 580 5 0 1 637 89977 0 0 0 0 2 0 0 0 22 114 16 0 1 191 582 543 0 0 12 216 0 0 0 0 0 0 0 0 0 42 23 3 0 0 93 282 
1046 828 429 954 1283 1045 546 559 3161 17234 22025 29663 14281 677 396 399 548 569 550 510 384 381 485 292 59 4348 1331 0 0 0 881 10046 0 0 0 0 0 0 0 0 0 37 32 0 0 0 1429 69691 0 0 0 5708 0 0 0 0 0 0 0 0 0 0 39 40 0 0 0 1986 668 0 0 0 57 0 0 0 0 0 0 0 0 0 0 30 126 0 0 0 1855 
2275 913 470 428 360 284 242 336 381 600 486 454 643 594 433 204 189 997 8950 17411 33369 16938 10739 581 27 4570 83 0 0 1 3 0 0 0 0 0 0 0 0 0 0 168 136 0 0 28 1781 501 0 0 0 3 0 0 0 0 0 1 71 0 0 1 181 448 0 0 1 1390 12618 0 0 0 3835 0 18 0 0 0 2 0 0 0 0 0 32 0 0 1 72431 
381 2031 1188 885 1240 1274 1232 1694 2315 580 717 665 815 698 605 386 383 346 447 597 10171 24893 43832 884 45 5710 834 0 0 4 191 0 0 0 0 0 0 0 0 0 0 688 378 0 0 1184 4430 1027 0 0 0 207 0 0 0 0 0 0 26 0 0 283 109 100 0 24 73 1851 643 0 0 0 1161 0 0 0 0 0 0 0 0 0 11 64 98 0 0 25 79183 
314 613 578 665 781 918 872 617 611 15973 28358 17476 8896 11263 2284 1506 1241 1258 1249 1370 545 210 421 255 30 3166 543 0 0 0 124 493 47674 0 0 0 8821 0 0 0 0 339 449 0 0 47 1808 1396 5516 0 1 198 20349 0 0 0 0 0 0 0 0 0 108 77 0 0 44 1285 2618 0 0 0 2014 0 0 0 0 0 0 0 0 0 0 58 38 0 0 54 1084 
536 1388 1029 839 658 439 348 458 1380 2187 3649 7756 13853 22452 38184 1180 254 142 130 269 298 274 324 215 62 4309 553 7 0 2 225 7827 0 0 0 1277 0 0 0 0 0 118 40 0 0 47 742 1508 2 0 1 25610 53383 0 0 0 0 38 13 0 0 0 24 21 0 0 1 495 512 0 0 0 451 42 2 0 0 0 11 1 0 0 1 18 2 0 0 0 1021 
3203 2043 984 464 407 459 409 360 446 610 804 1069 1058 841 567 295 111 74 185 2163 29731 32477 19203 291 50 7330 148 0 0 0 24 0 0 0 0 0 0 0 0 0 0 205 140 0 0 43 3669 173 0 0 0 45 0 0 0 0 0 0 0 0 0 0 136 338 0 0 12 1964 153 0 0 0 9922 0 0 0 0 0 0 0 0 0 0 0 5 0 0 1 73996 
766 934 717 463 641 772 778 759 782 705 732 755 700 624 508 449 392 429 492 12068 38816 25365 8737 626 294 4028 392 0 0 5 56 0 0 0 0 0 0 0 0 0 0 151 79 0 0 114 3460 1010 0 0 2 18 0 0 0 0 0 0 0 0 0 1 75 167 0 2 62 1890 1072 0 0 0 15431 0 0 0 0 0 0 0 0 0 5 48 62 0 0 34 70140 
3439 966 167 101 88 64 47 54 47 29 46 45 43 45 39 48 62 62 847 11145 54325 23182 3007 321 85 4811 25 0 0 1 13 0 0 0 0 0 0 0 0 0 0 0 0 0 0 0 251 25 0 0 0 9 0 0 0 0 0 0 0 0 0 0 1 0 0 0 0 352 1097 0 0 1 8599 0 0 0 0 0 0 0 0 0 0 0 1 0 0 5 83113 
509 378 263 425 361 336 350 334 412 397 391 457 797 692 530 635 699 419 2369 10181 34134 27088 15818 283 46 2207 155 0 0 33 171 7 0 0 0 0 0 0 0 0 0 4 2 0 0 47 2188 263 0 0 99 263 0 0 0 0 0 0 0 0 0 0 8 5 0 0 50 2866 1273 0 0 1 21016 0 0 0 0 0 0 0 0 0 0 5 10 0 0 0 67631 
1661 1164 941 961 1652 1748 3283 7879 15726 22576 20033 14162 3431 1301 870 512 105 41 44 40 52 83 34 5 0 4408 2232 54 0 0 304 19418 49797 0 0 12 11399 0 0 0 0 1886 163 0 0 40 935 937 134 0 0 167 3218 0 0 0 0 22 0 0 0 35 1323 1030 0 0 6 419 60 0 0 0 7 0 0 0 0 0 5 63 0 0 0 31 17 0 0 6 176 
159 498 957 975 499 319 211 486 7728 14878 22958 26916 17949 2289 508 442 226 111 74 45 28 15 17 15 1 1932 1560 5 0 0 10 2539 13048 0 0 0 0 0 0 0 0 2 111 0 0 0 291 11267 64017 0 0 26 1811 0 0 0 0 0 0 0 0 0 0 113 15 0 0 252 1193 0 0 0 0 0 0 0 0 0 0 0 0 0 0 0 33 0 0 0 79 
1250 2119 2009 1591 2007 2975 3587 5127 8393 12738 17942 16155 9484 4682 2270 1505 873 561 358 266 226 397 1498 262 29 9403 28 0 0 7031 170 0 0 0 0 0 0 0 0 0 0 1004 9 0 0 19799 35502 0 0 2665 6367 0 0 0 0 0 0 6 0 0 0 46 1000 23 0 6322 4706 728 0 2 78 7 0 0 0 0 0 0 1 0 0 1 72 773 2 1 74 232 2252 
1775 3801 4682 5287 4994 4650 4567 5337 6707 8567 9806 8213 5999 4293 3139 2594 2184 2036 1881 1687 1949 2286 1652 191 27 21681 3 0 0 11746 135 0 0 0 0 0 0 0 0 0 0 882 0 0 0 16750 8177 7 0 8111 7528 2 0 0 0 0 0 0 0 0 0 183 1087 29 0 4198 5370 1488 0 107 2071 236 0 0 0 0 0 0 0 0 0 0 3 1010 523 88 1669 477 4743 
1935 4243 4894 5736 7190 8374 9419 9522 9545 9851 10085 7308 3980 2295 1233 771 418 269 149 124 105 124 502 216 16 27007 16 0 0 13635 187 0 0 0 0 0 0 0 0 0 0 1799 184 0 0 22400 20939 14 0 935 2134 1 0 0 0 0 0 99 10 0 0 157 1405 37 0 1826 3448 663 0 0 24 3 0 0 0 0 0 1 65 0 0 0 23 259 25 0 25 50 933 
696 1677 2193 2868 2866 3112 2966 4217 10378 21624 19189 8247 4398 3128 2605 2110 1676 1208 946 727 472 317 511 164 9 11623 502 0 0 5037 631 0 0 0 0 0 0 0 0 0 0 653 106 0 0 17270 40673 51 0 2346 4779 5 0 0 0 0 0 0 0 0 0 21 1130 137 0 2123 5648 1897 1 6 589 151 0 0 0 0 0 0 0 0 0 0 0 905 306 0 177 154 1383 
2053 2878 2947 3346 3947 4660 5561 6434 7508 8423 8556 8226 7832 7111 5681 4076 2649 1862 1645 1134 572 455 439 263 46 16522 30 0 0 9723 1065 72 0 1 9 18 0 0 0 0 0 2458 0 0 0 10864 14841 97 0 1711 12341 2262 307 0 0 5 94 139 0 0 0 2729 3410 0 0 0 10199 3772 136 0 214 356 1108 0 0 0 0 0 70 0 0 0 443 1160 0 0 0 946 1202 
1792 7619 8915 15835 17677 13918 9903 5384 2272 1233 822 667 585 624 570 578 637 744 990 1440 1909 1865 1768 535 22 54346 144 0 0 9582 616 0 0 0 0 0 0 0 0 0 0 10294 29 0 0 6100 4101 190 0 0 7 1 0 0 0 0 0 202 0 0 0 183 864 110 0 0 499 2015 50 0 0 0 0 0 0 0 0 0 0 0 0 0 23 2413 145 0 0 1002 5388 
1096 1129 2015 3624 4919 5743 6836 8341 14018 20188 11182 2895 1079 755 871 553 364 327 312 350 702 3579 6949 461 16 10199 0 0 0 6508 55 0 0 0 0 0 0 0 0 0 0 10374 6 0 0 42143 8041 714 0 1 211 381 0 0 0 0 0 1434 0 0 0 2005 1224 29 0 0 694 1574 30 0 0 17 1 0 0 0 0 2 58 0 0 0 311 321 2 0 0 2240 9729 
1016 721 688 905 1148 1155 1245 1371 1915 4695 9496 12845 12921 11559 9238 7044 5315 4469 3700 2763 1641 1149 1241 62 2 4726 92 0 0 2136 396 0 0 2 0 0 0 0 0 0 0 625 104 0 0 9701 4447 21 0 11613 22578 3 0 0 0 0 0 76 4 0 0 364 1177 38 0 10267 14526 301 6 2470 4723 128 0 0 0 0 0 1 498 0 0 0 41 164 51 1664 3040 290 2031 
1510 2835 4738 5472 6153 7207 8024 8082 8448 9157 9047 7271 4996 3374 2478 1722 1126 741 662 709 762 1207 2330 242 11 22798 53 0 0 14107 1708 197 0 0 0 0 0 0 0 0 0 2874 8 0 0 14644 15389 491 0 634 6274 1541 528 0 0 0 0 77 0 0 0 691 3529 33 0 0 3276 3069 59 0 0 50 19 0 0 0 0 0 0 0 0 0 115 1247 1 0 0 1018 3874 
6588 9393 9535 10716 11602 11234 9905 7927 5913 3592 1945 1179 839 775 743 828 729 785 804 863 719 649 859 177 5 49768 19 0 0 22669 61 0 0 0 0 0 0 0 0 0 0 3004 5 0 0 7048 6348 9 0 5 581 2 0 0 0 0 0 0 0 0 0 52 984 58 0 0 640 2138 0 0 0 0 0 0 0 0 0 0 0 0 0 0 90 2109 250 0 0 245 2219 
