13956 8117 4772 4001 3103 2498 2308 2321 3039 4353 5858 7462 7635 6809 5855 3887 2726 2016 740 612 1619 2391 1970 255 1 
2250 5253 7587 10003 10058 8497 7859 6810 5390 3461 1926 977 646 565 659 1108 1444 2469 3109 3440 4059 3587 6614 460 73 
433 842 1433 2060 2513 3120 3815 5002 6834 8083 10301 12149 12181 14960 11919 2061 435 92 31 23 11 4 2 0 0 
6602 15303 2543 2889 2705 2702 2240 1970 1728 1578 2089 3519 5786 7670 7031 6337 4296 3862 4467 5364 3597 2116 1704 191 15 
2125 4585 2139 2640 3891 4117 3943 3773 3693 4766 6175 7368 7526 8044 5812 4363 5206 5695 4886 3239 1856 1170 889 373 30 
3326 10317 6188 4773 4327 4481 4806 5800 7526 8425 7392 4265 2587 2404 2004 1760 1541 1753 1819 1734 2745 3920 3401 771 239 
4809 5018 3343 3109 3464 4111 4606 4437 3995 3374 3270 3100 3056 3056 2965 2970 3766 6046 7597 4982 9128 7150 522 356 74 
1573 4290 5625 6416 7145 7837 8166 8510 9383 9091 7144 4446 3638 2467 474 250 101 59 50 54 301 1183 9922 178 1 
6158 6634 5186 5859 5077 3818 4323 6141 8620 9092 7904 5531 4670 3432 2495 1540 641 320 224 134 117 108 10101 179 0 
1920 6440 10932 8398 8157 10075 8418 7152 5869 4517 6216 2478 666 405 317 289 284 277 246 263 290 436 13132 1022 105 
977 6663 16644 11135 3569 3708 5682 5343 6157 8032 10200 9241 3232 1438 1067 909 760 726 637 521 324 322 918 99 0 
1506 3286 4100 4634 4904 5785 10766 16304 17358 11794 4345 3278 2782 2398 1310 461 288 294 312 339 514 389 948 199 10 
2082 4322 3908 3518 3653 4260 5423 6792 7582 5740 5754 14471 13264 6529 3229 1684 1261 903 833 608 551 661 1098 160 18 
2586 3764 2563 2275 2375 2444 2541 2947 3394 4179 6012 9816 13310 12650 8532 4914 2289 821 335 128 73 85 9559 703 9 
8261 2178 1584 2103 3106 4079 5405 6308 6761 7381 8813 9765 6938 2772 657 168 92 155 721 2531 4812 2723 10914 70 7 
6269 10201 8293 6712 5974 6058 6209 7051 8321 8488 6310 2467 757 410 358 266 276 257 300 652 1593 2187 8442 419 34 
1751 3202 2703 2934 3712 4645 5930 6784 7140 7205 8615 8822 9277 6955 5163 6570 4605 1677 433 126 42 12 1 0 0 
2696 7219 3547 3619 4912 6592 7750 7865 6945 5169 3936 5153 5194 5618 3312 4208 3590 3864 4932 831 553 380 226 154 39 
145 964 1783 4190 7710 9944 11737 11998 9734 8493 7501 6317 4603 3118 2516 1913 1510 1223 801 503 474 386 415 278 48 
1356 1485 2057 2258 2507 3026 3593 4289 5763 7689 9968 13072 13050 5847 1772 995 1142 1636 2238 3775 4451 3331 2722 271 11 
679 1673 2151 2185 2625 3325 4141 5053 6678 9782 14875 16373 12857 7382 3404 1384 748 651 436 375 312 382 536 258 39 
1184 1559 1690 1571 1668 1646 1873 2282 2923 3540 4410 5396 6482 8122 9192 7704 5035 2916 2833 7619 8088 10371 182 17 1 
2372 2142 1404 1117 1010 1094 1466 2350 4329 7514 11568 14382 12146 5896 1863 667 267 915 1825 4217 6954 7064 5495 230 17 
2164 1100 723 864 1375 2270 3729 6320 9022 9836 9591 9432 7732 4594 2921 2974 4259 4359 4502 4116 2792 1884 1440 292 13 
2081 1344 1978 3963 7164 8688 7064 5414 4981 4936 5911 6156 6295 5373 4631 5178 5351 4081 2940 2278 1166 555 547 222 7 
139 175 217 298 559 927 1233 1712 2609 3834 6047 7053 5687 4169 2862 1813 1096 718 459 277 204 230 1454 7972 8757 
3560 4640 4857 4973 5498 5887 6418 6984 7849 8481 9123 9118 8045 5791 3728 1853 853 384 184 60 17 0 1 0 0 
1666 3552 3614 3806 4034 4419 4921 5531 6167 6683 7465 8073 7961 7021 4523 2419 1640 2243 3969 5010 2841 564 147 28 7 
67 1726 3584 4791 6710 7848 8139 8272 8252 7843 7660 8108 10435 9379 4084 922 259 104 45 29 20 17 8 2 0 
433 1538 2346 2699 3335 3677 4016 4132 4232 4572 5135 5731 6537 7687 9344 9592 7957 7822 5666 1526 293 30 2 2 0 
199 879 1726 1817 1856 1731 1904 2010 2466 2878 4066 5571 8143 11137 12078 9527 6678 7436 8852 5494 1731 108 15 2 0 
985 2154 4237 7629 8734 8882 8931 7928 7302 6422 5752 5361 5238 4901 4483 3378 2315 1436 931 563 413 232 70 20 7 
429 1127 1854 2383 3060 3401 3953 4565 5366 6181 7095 7869 8237 7620 7261 7147 7875 6842 3896 1623 425 79 15 1 0 
1 1179 16916 9367 8297 5031 5355 5171 4306 4394 5417 6156 4895 5950 5311 3516 1889 1245 877 656 242 121 1880 132 0 
14391 6325 3637 3528 3309 2791 2602 2921 8973 7587 6464 5477 5291 4924 3194 1516 1287 1356 1851 3495 6538 90 701 56 0 
0 0 91 1796 6756 7359 5563 6166 5840 8129 11508 12513 11595 10954 6500 2309 1036 184 5 0 0 0 0 0 0 
847 5038 7881 5919 5745 4496 3211 4322 6210 9033 14881 15855 7850 4646 1774 331 40 21 29 23 92 58 2 0 0 
4410 6570 726 751 543 488 17603 55139 914 1074 2266 2887 2490 1848 595 0 0 0 0 0 0 0 0 0 0 
10615 16495 8038 3393 3823 4886 5733 3195 4084 4463 6654 6619 6950 5530 4200 3076 526 24 0 0 0 0 0 0 0 
671 14625 17099 12354 7233 6045 6368 5917 6196 4944 4142 3554 2966 4463 1453 239 32 3 0 0 0 0 0 0 0 
20817 9808 6020 3628 2777 2958 3789 3716 4063 5409 7559 7363 10361 5550 2215 1558 686 25 1 1 0 0 0 0 0 
399 12163 10103 6283 6817 8195 11745 7931 5060 4563 4924 4672 4237 3204 2553 1895 1628 1407 502 20 3 0 0 0 0 
66249 4552 325 360 4778 7743 2724 2265 2351 1942 1420 892 553 395 299 263 272 188 209 472 52 0 0 0 0 
79936 2522 1369 1115 2305 1911 1354 1131 1126 818 700 450 386 330 267 223 231 217 315 1318 249 30 1 0 0 
9354 7312 17671 16627 18425 10267 5038 4327 2984 2161 1491 965 522 297 222 206 175 113 79 46 18 4 0 0 0 
1626 5245 9384 13270 13109 9271 7808 7162 6924 8622 10512 3173 1026 277 78 23 22 21 18 38 276 417 2 0 0 
26970 7728 5381 5823 4495 3489 2636 2966 4048 4660 4032 3130 2838 3445 4227 5960 4806 1193 380 90 6 1 0 0 0 
16095 12419 13115 9792 9163 10121 5022 3708 2431 2423 2318 2256 2132 1733 1220 1243 1116 790 718 370 116 3 0 0 0 
26467 6670 5642 4687 5509 8692 6013 5407 5831 5763 4372 4079 2284 1527 1133 860 612 621 894 842 375 24 0 0 0 
0 0 0 0 1 7 17 20 15 44 204 797 8729 7212 2815 1433 1174 1597 1432 5922 13783 10581 41398 1113 10 
114 187 373 757 843 1397 2381 756 679 1040 1426 1515 1077 1056 1028 4962 19723 10636 26930 21222 179 19 4 0 0 
128 247 441 2171 2235 1359 872 808 829 2700 5671 3840 1695 1411 1407 1352 1288 1565 4479 11856 12695 19740 19215 290 10 
534 991 1394 1064 1477 2284 11010 5398 2456 2255 1991 1822 1593 1259 1138 991 1737 10446 7159 9236 9794 10476 11720 67 12 
131 451 596 1431 1717 1269 1617 3383 2475 1954 1624 1570 1126 746 696 753 969 1078 4883 6718 13970 22957 25875 305 10 
98 122 87 102 498 2648 3030 1454 1654 1830 1038 608 667 810 1237 6248 9546 11845 20908 33400 459 15 0 0 0 
3819 2746 1426 2319 7762 15242 11590 7627 5993 5064 4177 3291 2478 1920 1933 2097 2559 4071 11505 606 76 3 0 0 0 
0 0 0 1 55 904 4721 3978 2013 1296 1050 1526 1466 1745 1272 997 1014 1647 6253 10261 9577 12456 35931 141 0 
14353 1364 1487 2897 2839 2566 2936 3498 4494 6710 9081 11826 12057 16168 5793 62 9 7 19 23 96 19 0 0 0 
1224 2006 2665 4163 4794 5334 5993 8741 13703 15156 11471 7434 5044 3554 2114 1384 801 506 299 244 270 588 816 0 0 
2 132 12199 7238 4254 1603 1104 1212 5845 6408 15731 18658 15786 6381 1001 265 151 124 126 67 15 2 0 0 0 
0 1 19946 5115 1293 1018 952 1343 2146 3785 9534 17939 17657 10631 2729 1586 1143 769 335 194 140 45 3 0 0 
43 9721 7024 9820 10335 10461 10225 8033 7255 6363 5655 5121 3791 2086 739 466 317 264 185 127 93 65 100 15 0 
0 0 940 740 1653 3576 2280 2020 2664 2846 5373 6631 4668 4924 4964 5073 7155 13016 20859 8745 176 1 0 0 0 
0 221 1552 2007 2959 8319 12844 13281 14484 11746 11109 6277 3778 2899 1985 1402 987 654 518 418 546 314 4 0 0 
0 0 651 5965 17470 10998 10834 9331 9370 7518 5472 4351 4176 3870 4281 3329 653 27 6 2 0 0 0 0 0 
0 7 3922 4181 5965 10497 15950 9500 4299 3109 2782 3483 4540 5325 6199 7104 5776 3114 1704 689 154 4 0 0 0 
5926 12216 2981 2447 1191 911 1021 1544 2840 4771 10375 12210 6281 5760 3914 3646 3148 3982 5874 3298 2582 580 621 176 9 
49588 2334 1401 1150 1691 2247 3544 3201 3058 3421 4016 3785 3432 3108 2825 2547 1999 1572 1115 732 570 472 365 123 8 
1152 39407 1973 1158 963 842 844 905 1081 1423 2254 3221 4680 6328 9971 10968 6761 4277 96 0 0 0 0 0 0 
1 18025 4277 698 754 920 747 607 573 464 593 2692 10734 17622 18039 14958 6584 16 0 0 0 0 0 0 0 
15912 8358 7521 6224 4203 3479 2452 1894 1501 1713 2624 4662 8306 8060 3896 4527 6307 4178 1924 456 74 25 7 1 0 
1001 64226 2367 1923 2245 3275 3352 1696 1259 1186 983 807 791 866 1214 1550 1987 2110 1731 1558 1104 626 352 87 8 
17304 5268 3744 3332 4258 5420 5867 6577 5792 4297 3843 5174 11941 8449 3075 1829 1151 519 305 147 11 1 0 0 0 
10 2243 14542 8307 10705 20766 17382 4661 3677 2959 2549 2504 2438 1728 1267 1028 689 517 263 60 9 0 0 0 0 
0 0 30 2614 34924 30112 7976 3958 2549 1863 1413 1354 1236 1406 1399 1228 1185 1264 1200 916 715 522 350 83 7 
623 1145 1319 926 778 569 479 432 454 796 2951 12672 44801 19763 9247 122 114 137 129 171 127 154 223 155 17 
807 804 1058 647 316 261 335 1844 7413 22470 38130 19204 521 281 483 697 498 344 344 385 352 303 506 275 26 
879 737 1096 1232 1118 898 675 765 1010 4975 18027 30280 25229 5325 375 338 770 890 571 375 396 720 1112 470 41 
1121 694 734 690 407 277 246 260 219 181 205 942 8008 59715 22565 558 344 280 271 393 143 46 5 0 0 
1046 828 429 954 1283 1045 546 559 3161 17234 22025 29663 14281 677 396 399 548 569 550 510 384 381 485 292 59 
2275 913 470 428 360 284 242 336 381 600 486 454 643 594 433 204 189 997 8950 17411 33369 16938 10739 581 27 
381 2031 1188 885 1240 1274 1232 1694 2315 580 717 665 815 698 605 386 383 346 447 597 10171 24893 43832 884 45 
314 613 578 665 781 918 872 617 611 15973 28358 17476 8896 11263 2284 1506 1241 1258 1249 1370 545 210 421 255 30 
536 1388 1029 839 658 439 348 458 1380 2187 3649 7756 13853 22452 38184 1180 254 142 130 269 298 274 324 215 62 
3203 2043 984 464 407 459 409 360 446 610 804 1069 1058 841 567 295 111 74 185 2163 29731 32477 19203 291 50 
766 934 717 463 641 772 778 759 782 705 732 755 700 624 508 449 392 429 492 12068 38816 25365 8737 626 294 
3439 966 167 101 88 64 47 54 47 29 46 45 43 45 39 48 62 62 847 11145 54325 23182 3007 321 85 
509 378 263 425 361 336 350 334 412 397 391 457 797 692 530 635 699 419 2369 10181 34134 27088 15818 283 46 
1661 1164 941 961 1652 1748 3283 7879 15726 22576 20033 14162 3431 1301 870 512 105 41 44 40 52 83 34 5 0 
159 498 957 975 499 319 211 486 7728 14878 22958 26916 17949 2289 508 442 226 111 74 45 28 15 17 15 1 
1250 2119 2009 1591 2007 2975 3587 5127 8393 12738 17942 16155 9484 4682 2270 1505 873 561 358 266 226 397 1498 262 29 
1775 3801 4682 5287 4994 4650 4567 5337 6707 8567 9806 8213 5999 4293 3139 2594 2184 2036 1881 1687 1949 2286 1652 191 27 
1935 4243 4894 5736 7190 8374 9419 9522 9545 9851 10085 7308 3980 2295 1233 771 418 269 149 124 105 124 502 216 16 
696 1677 2193 2868 2866 3112 2966 4217 10378 21624 19189 8247 4398 3128 2605 2110 1676 1208 946 727 472 317 511 164 9 
2053 2878 2947 3346 3947 4660 5561 6434 7508 8423 8556 8226 7832 7111 5681 4076 2649 1862 1645 1134 572 455 439 263 46 
1792 7619 8915 15835 17677 13918 9903 5384 2272 1233 822 667 585 624 570 578 637 744 990 1440 1909 1865 1768 535 22 
1096 1129 2015 3624 4919 5743 6836 8341 14018 20188 11182 2895 1079 755 871 553 364 327 312 350 702 3579 6949 461 16 
1016 721 688 905 1148 1155 1245 1371 1915 4695 9496 12845 12921 11559 9238 7044 5315 4469 3700 2763 1641 1149 1241 62 2 
1510 2835 4738 5472 6153 7207 8024 8082 8448 9157 9047 7271 4996 3374 2478 1722 1126 741 662 709 762 1207 2330 242 11 
6588 9393 9535 10716 11602 11234 9905 7927 5913 3592 1945 1179 839 775 743 828 729 785 804 863 719 649 859 177 5 
